1.785211483652697773e-01
5.602609171709916902e-01
1.020478534599266407e+00
1.626759179742021333e+00
2.472241452202086798e+00
3.692239673368938213e+00
5.489458410601362637e+00
8.173456089079895293e+00
1.222345447492662096e+01
1.838955729126082872e+01
2.785770473830561045e+01
4.252146838535637841e+01
6.543495670552709953e+01
1.015764571893548549e+02
1.591521853508303934e+02
2.518520293438355964e+02
4.028085364842960416e+02
6.516528164881085559e+02
1.067301082292449792e+03
1.771548257504040293e+03
2.983467732681499456e+03
5.104793798585815239e+03
8.888080758589370816e+03
1.577675199818643523e+04
2.861340626049611819e+04
5.316535612245462107e+04
1.015376218913284392e+05
2.001512021093746007e+05
4.093763995782288257e+05
8.748945071550407447e+05
1.972450792278562672e+06
4.755747656209675595e+06
1.252224954340078868e+07
3.729487008034379780e+07
1.345448201534242332e+08
7.040011033948808908e+08
3.610868011659175147e-01
4.112029762816332701e-01
5.203066439687924483e-01
7.075092659264294870e-01
1.005600311878060316e+00
1.467543206894763808e+00
2.177474770881282051e+00
3.268761402042324349e+00
4.953601060116814558e+00
7.571899213077570856e+00
1.167273474691454282e+01
1.815159886116441612e+01
2.848428638030393856e+01
4.513049950071444272e+01
7.223972290397722418e+01
1.169036275565854481e+02
1.914126606396475552e+02
3.173906446537259853e+02
5.335090433263884506e+02
9.101650314541385569e+02
1.578018461640048599e+03
2.784809885363622925e+03
5.011474945870411830e+03
9.216432433469701209e+03
1.736668775002144685e+04
3.363595986073042150e+04
6.722409735332682612e+04
1.393254144074512296e+05
3.013722244081898825e+05
6.862065896918816725e+05
1.664276552336323773e+06
4.374239928371847607e+06
1.279925786127899773e+07
4.367674776827455312e+07
1.910662494896017909e+08
1.401671798144041538e+09
