1.585692336650303680e-01
4.928342393556228163e-01
8.807965297215185618e-01
1.366231517426799158e+00
2.005890257840911683e+00
2.877072159999077172e+00
4.088261363543897353e+00
5.794580489210586549e+00
8.220627443992150063e+00
1.169458293871518428e+01
1.669957714615124900e+01
2.395162646482168967e+01
3.451873045160635201e+01
5.000416728800519905e+01
7.283065446026135703e+01
1.066842153976838290e+02
1.572129977757616359e+02
2.331366162034856018e+02
3.480225578827307800e+02
5.231569912681667347e+02
7.922294730074028166e+02
1.209056674530554801e+03
1.860456388356823936e+03
2.887956962187317913e+03
4.524863113027107829e+03
7.160387412219577527e+03
1.145220539867783009e+04
1.852705841578242689e+04
3.034427836985047179e+04
5.036656185797563376e+04
8.482231519677658798e+04
1.451331950465102564e+05
2.526949468677219120e+05
4.485452969383222517e+05
8.135022220720041078e+05
1.511536179500722792e+06
2.886802928419690579e+06
5.690468112115440890e+06
1.163888121497020312e+07
2.487375885599289834e+07
5.607744960972689837e+07
1.352070181536248028e+08
3.560101666385558248e+08
1.060292103843887091e+09
3.825100210492045879e+09
2.001442493411455536e+10
3.199547974461659505e-01
3.545903345275422391e-01
4.285361473072706873e-01
5.516690750912123242e-01
7.403584151872772967e-01
1.019834428655913783e+00
1.428026094766007059e+00
2.021490475904097917e+00
2.884465533103541368e+00
4.142701740826437273e+00
5.984690681761267506e+00
8.694437025746537984e+00
1.270238268876066456e+01
1.866509721139660272e+01
2.759092253018504692e+01
4.103965284180738138e+01
6.144254629778978938e+01
9.261972500567426891e+01
1.406245499403838153e+02
2.151352857729129084e+02
3.317728637263989526e+02
5.160040068436159117e+02
8.097919583498949123e+02
1.283072157262272412e+03
2.053821161276000566e+03
3.323662569973113023e+03
5.442023214047430884e+03
9.023682376733289857e+03
1.516808553350681723e+04
2.587666353389743745e+04
4.486421605216072203e+04
7.917425577605591388e+04
1.424801069015984540e+05
2.620306161294509948e+05
4.937501239092247561e+05
9.563008068573868368e+05
1.911239841655939352e+06
3.961129030895413365e+06
8.568187557274373248e+06
1.950905377690266073e+07
4.731554487226401269e+07
1.243605781172951758e+08
3.638841250155688524e+08
1.241721252754150152e+09
5.431996810744189262e+09
3.984854537275972748e+10
