1.705054308175622813e-01
5.328827414552350650e-01
9.627012674595416541e-01
1.516497214266579352e+00
2.269945424965423619e+00
3.329745181756250894e+00
4.851032488813635801e+00
7.063675292706655284e+00
1.031263180987840222e+01
1.512076911956309466e+01
2.228776875282982672e+01
3.304696446225141671e+01
4.931612500603284133e+01
7.410256206904631426e+01
1.121636216032170381e+02
1.710941195628368519e+02
2.631382077889122684e+02
4.082450928624601261e+02
6.392811115631209304e+02
1.011031961364321205e+03
1.615979215675152773e+03
2.612378370284921402e+03
4.275066124426994065e+03
7.089059514650898564e+03
1.192542542260431037e+04
2.037899698395128507e+04
3.543264182599038759e+04
6.279894657869373623e+04
1.137103703856154170e+05
2.109216502693602233e+05
4.021350621483437135e+05
7.913873179018640658e+05
1.616263910746678244e+06
3.450129034320521634e+06
7.773540848389950581e+06
1.874407468167977780e+07
4.941905003118768334e+07
1.476291198088228703e+08
5.357071500545813441e+08
2.834230287465473652e+09
3.445171422781888593e-01
3.878005306633101057e-01
4.811185112389901875e-01
6.388931403492257299e-01
8.855039784269718162e-01
1.259525087592155757e+00
1.820707350602451813e+00
2.661055820455377141e+00
3.922403014353722739e+00
5.824619614863292050e+00
8.710893404240218629e+00
1.312060416072622182e+01
1.990831447797218345e+01
3.043999936623074021e+01
4.691889822051521719e+01
7.293391543159584955e+01
1.143959134001020317e+02
1.811522194001786659e+02
2.898001224910620977e+02
4.686703292715843077e+02
7.667975649631891883e+02
1.270333507320578519e+03
2.133120590084316518e+03
3.634772163849238495e+03
6.293448561522273849e+03
1.109012023062981825e+04
1.992647155565009598e+04
3.658693391288878775e+04
6.882615520992266829e+04
1.330796164476292033e+05
2.655538167691441486e+05
5.496409881429547677e+05
1.187650084272797685e+06
2.702805914649835322e+06
6.556862422024256550e+06
1.725010469645695388e+07
5.062090216049120575e+07
1.734747389912394583e+08
7.651597751136631966e+08
5.685667317921731949e+09
