1.737268231748454739e-01
5.438856081450632596e-01
9.859547018910219673e-01
1.561050705612989420e+00
2.352188400479821695e+00
3.478136890368130008e+00
5.114031835153541650e+00
7.523080134167419608e+00
1.110621878540041330e+01
1.648071780004901399e+01
2.460570313424585009e+01
3.698458715088354154e+01
5.599513053949027608e+01
8.543410612329428488e+01
1.314249065964448846e+02
2.039464126922008234e+02
3.194422057561696420e+02
5.053329893305738665e+02
8.079342758218554081e+02
1.306564357424387481e+03
2.139092684233513410e+03
3.549055457034729898e+03
5.974294397649928214e+03
1.021734801228293873e+04
1.778091975303274739e+04
3.154612105389125645e+04
5.718578158076703403e+04
1.062092576539083093e+05
2.027725613373710657e+05
3.996049847837210400e+05
8.172756069089025259e+05
1.747249190856299596e+06
3.942541924187789671e+06
9.519607769273918122e+06
2.512540500048784539e+07
7.511315059618054330e+07
2.726105257396245599e+08
1.435371436588349104e+09
3.511756959925999566e-01
3.972105289663196981e-01
4.969520275406497656e-01
6.668515018427235708e-01
9.348850840785041250e-01
1.345688509497203755e+00
1.969166701500132621e+00
2.914483444914439669e+00
4.352648570682645435e+00
6.552944333851258740e+00
9.942292303271543119e+00
1.520302703178204951e+01
2.343630817082569706e+01
3.643776237071632806e+01
5.716534107027118239e+01
9.054641451374916983e+01
1.448895354028047961e+02
2.343877754911157467e+02
3.836310370720541414e+02
6.358659194678218682e+02
1.068390493501621677e+03
1.821849342776029061e+03
3.157175459576450066e+03
5.568912761948336993e+03
1.001675153351307017e+04
1.841280595925069792e+04
3.468217349706809910e+04
6.715377492698932474e+04
1.341857862377883284e+05
2.780910000195564353e+05
6.017442021121314028e+05
1.371492382457984844e+06
3.330892613278005272e+06
8.773815547257520258e+06
2.575429546070366353e+07
8.833123379311113060e+07
3.889875663210476637e+08
2.866063206180512428e+09
