1.620194347015662673e-01
5.043599736591817262e-01
9.042067403827537264e-01
1.408866381746345153e+00
2.080300976892401010e+00
3.003835967848611510e+00
4.300552187723406306e+00
6.145518995265415896e+00
8.795075535916931031e+00
1.262809319810543407e+01
1.820892902832723692e+01
2.638423564932855925e+01
3.843298466964213844e+01
5.630076172260014289e+01
8.296860183152628565e+01
1.230384732342433836e+02
1.836708090110944624e+02
2.760996198867877069e+02
4.181048925121199318e+02
6.380888418342937030e+02
9.818702762433496218e+02
1.524141914779069566e+03
2.388032021459940097e+03
3.778950014443671989e+03
6.043988474098528968e+03
9.777794133742738268e+03
1.601442281851667212e+04
2.658134522843477316e+04
4.476565262039758818e+04
7.659519546319330402e+04
1.333617089224997035e+05
2.367231569143449015e+05
4.293317303198174341e+05
7.977234079169993056e+05
1.523527475680537988e+06
3.003175567969891708e+06
6.142485792176947929e+06
1.312729253458483145e+07
2.959531085609924793e+07
7.135658771848335862e+07
1.878870783704186678e+08
5.595764924454431534e+08
2.018724760256369829e+09
1.056274523664182281e+10
3.270464259223596071e-01
3.640787876867652151e-01
4.433925820412027985e-01
5.761121479110514754e-01
7.807763833739425063e-01
1.086177228052586319e+00
1.535990096813730110e+00
2.195996721176365352e+00
3.165240296864626490e+00
4.593285418482901505e+00
6.707065734511088451e+00
9.852919451436013887e+00
1.456288303181466759e+01
2.166006073487173111e+01
3.242750167758492807e+01
4.888125674156003697e+01
7.421600796969642033e+01
1.135395257065317622e+02
1.750958669512783104e+02
2.723252807497964341e+02
4.273741969659503184e+02
6.771515431045252171e+02
1.083920076277928729e+03
1.754087723331600046e+03
2.872067398702616629e+03
4.762315668523225213e+03
8.005076932752766879e+03
1.365662228064082410e+04
2.367745548939868604e+04
4.178481951579128508e+04
7.519491774678087677e+04
1.382885556887163257e+05
2.605799323424384056e+05
5.046931126894679037e+05
1.008666082035889500e+06
2.090506363491169875e+06
4.521917362402919680e+06
1.029606459361683205e+07
2.497118853317295387e+07
6.563226882396541536e+07
1.920423343029282987e+08
6.553269076488056183e+08
2.866779507012438774e+09
2.103024037724308777e+10
