1.553327145559290079e-01
4.820704469764237055e-01
8.591004637557112522e-01
1.327082736734050528e+00
1.938230217478708717e+00
2.762940927971862859e+00
3.899000268860543184e+00
5.484794940328682422e+00
7.718615788206666828e+00
1.088715326220316548e+01
1.540790256639875011e+01
2.189271415983550639e+01
3.124367007767487081e+01
4.479868507120924193e+01
6.455410553741269553e+01
9.350737819755168800e+01
1.361883458841050754e+02
1.994891910909821036e+02
2.939711170930686421e+02
4.359386652561170763e+02
6.507613687247902590e+02
9.782418014459950655e+02
1.481375386103719165e+03
2.260792841068725011e+03
3.478833001069204329e+03
5.400136616463333667e+03
8.460954695586606249e+03
1.338906629223505297e+04
2.141424431165494025e+04
3.464336394496895809e+04
5.674015297129790270e+04
9.417946092685287294e+04
1.586077151413963002e+05
2.713821173298213980e+05
4.725101745058571687e+05
8.387276793234961806e+05
1.521154719617997762e+06
2.826396675630820915e+06
5.397986230876886286e+06
1.064051952693952061e+07
2.176338387704709917e+07
4.651121135273834318e+07
1.048590457558718473e+08
2.528236500095829368e+08
6.657041617661628723e+08
1.982642883747890949e+09
7.152563630915766716e+09
3.742488741677494049e+10
3.133100129489451713e-01
3.457972613717932298e-01
4.149560515612263911e-01
5.296025804735954301e-01
7.042753461703900042e-01
9.612282043445143920e-01
1.333640378848664154e+00
1.870533400088188580e+00
2.644199969003453887e+00
3.761424092526299390e+00
5.380491690095997370e+00
7.737114503379809882e+00
1.118417202317478143e+01
1.625302840501037593e+01
2.374878395793423635e+01
3.489930993222795763e+01
5.159020853727759004e+01
7.673820362685653151e+01
1.148895285945506117e+02
1.731874099612237501e+02
2.629509521628608582e+02
4.022773652541661136e+02
6.203759099785332864e+02
9.648663212924183199e+02
1.514214722220356180e+03
2.399191587662950042e+03
3.840398204483406062e+03
6.214845566940379285e+03
1.017592239788456209e+04
1.687320021222681680e+04
2.836251763153511638e+04
4.838632763477163826e+04
8.389090366826129321e+04
1.480467426126509963e+05
2.664213239768547355e+05
4.899669272484531975e+05
9.232551345772675704e+05
1.788170974207164953e+06
3.573798520978077780e+06
7.406860500400230289e+06
1.602156517992912978e+07
3.647995639260578901e+07
8.847544803074334562e+07
2.325422970127479434e+08
6.804275641169959307e+08
2.321900297586143017e+09
1.015729531246613121e+10
7.451241530078929138e+10
