2.367256068165952687e-01
7.697330154355715992e-01
1.501978911746191914e+00
2.641581224955026563e+00
4.538753605232257016e+00
7.819675428714051080e+00
1.364651576621613138e+01
2.424111510101896272e+01
4.397432126597059465e+01
8.171108907234314245e+01
1.560575002586343487e+02
3.076287033424367792e+02
6.292343799181079476e+02
1.344831852564231212e+03
3.031974156596828379e+03
7.310217207782297010e+03
1.924894637773989598e+04
5.733911632134240790e+04
2.069212018136422557e+05
1.082809917114844313e+06
4.830476869040810639e-01
6.054922250014658225e-01
8.925349715420600738e-01
1.442950142140184244e+00
2.451719246384559625e+00
4.295734323171746638e+00
7.711549957787056542e+00
1.417045925102230441e+01
2.669442100239898252e+01
5.169751736740914794e+01
1.033217002268065130e+02
2.141524338483915528e+02
4.632604091718716290e+02
1.054848108061322137e+03
2.558236185888998989e+03
6.723674459327250588e+03
1.967670852064556675e+04
6.716660234335414134e+04
2.939046207981004263e+05
2.155825764766248409e+06
