2.632533309016817369e-01
8.730853246712902971e-01
1.770216924973483374e+00
3.287395464632083542e+00
6.044649302337580465e+00
1.127708007978882598e+01
2.156216887682979788e+01
4.251635229650710812e+01
8.696824747626425278e+01
1.858724276435579554e+02
4.190579449696683128e+02
1.010398411474711907e+03
2.660697084434427779e+03
7.925270350143234282e+03
2.859177533071436847e+04
1.496064533474355121e+05
5.398045008777732079e-01
7.124403545095583379e-01
1.134857778580658394e+00
1.997852035590306885e+00
3.711548513978984332e+00
7.157640204952579133e+00
1.428739669502714094e+01
2.960194383291338482e+01
6.402908361155300554e+01
1.457923744179983316e+02
3.535865663663598184e+02
9.293857833146997791e+02
2.719894082317200173e+03
9.282067885216267314e+03
4.060235810613678768e+04
2.979027574357324629e+05
