1.658120418602110069e-01
5.170841296786568009e-01
9.302395127231624095e-01
1.456686848934629408e+00
2.164481534798890827e+00
3.148316048571633274e+00
4.543880340404415463e+00
6.549432010154100148e+00
9.458872558581385093e+00
1.371250774497837277e+01
1.997477682578569258e+01
2.925417708514835624e+01
4.309110606433485913e+01
6.385644537465895354e+01
9.523092931207101230e+01
1.429793536334013311e+02
2.162098352098847727e+02
3.294439261177768117e+02
5.060585655670045071e+02
7.840753009732976579e+02
1.226022804759858445e+03
1.935970293124303907e+03
3.089358024223760367e+03
4.985994536934909775e+03
8.145668008463412662e+03
1.348363948972881553e+04
2.263927105840115473e+04
3.860592631069449999e+04
6.696791104902322695e+04
1.183930937136820430e+05
2.138066287670007150e+05
3.954822307601641514e+05
7.517162066033330048e+05
1.474333549237960717e+06
2.999977806138600223e+06
6.378396733689640649e+06
1.430861776278071478e+07
3.434238655206977576e+07
9.007789999054025114e+07
2.678247122155202329e+08
9.704901276664594412e+08
5.248593174025618553e+09
3.348505221571371759e-01
3.746309952235271079e-01
4.601263286637827798e-01
6.039486340524859997e-01
8.271900158671032788e-01
1.162744651381841132e+00
1.660889888174827300e+00
2.398372000542034144e+00
3.492632348575496426e+00
5.123437911542992218e+00
7.566150513903873609e+00
1.124456723505595690e+01
1.681670816077050290e+01
2.531495221550522245e+01
3.837456631109882466e+01
5.860707008373108096e+01
9.021898316548477226e+01
1.400527472417175545e+02
2.193560324460815139e+02
3.468275764185278831e+02
5.539382478080948431e+02
8.943566206040337647e+02
1.460875701937104395e+03
2.416264242693669530e+03
4.050472233386914468e+03
6.888863675811759094e+03
1.190207079835450713e+04
2.092345214164429854e+04
3.749910633966805472e+04
6.866984517798415618e+04
1.288308393683846662e+05
2.483806387082932924e+05
4.939835409665754414e+05
1.018718186364430701e+06
2.192981963484754786e+06
4.970144361991237849e+06
1.200437286057333276e+07
3.143946621360369027e+07
9.179378587553466856e+07
3.136476929137682319e+08
1.389307866558817863e+09
1.085897401363906479e+10
